positive_00001	36480 41600 41600 49760
positive_00002	63520 67840 67840 75520
positive_00003	28320 32640 32640 42880
positive_00004	19440 23120 23120 32240
positive_00005	17920 24480 24480 36160
positive_00006	12080 16720 16720 25840
positive_00007	11120 15120 15120 23920
positive_00008	17040 24400 24400 37040
positive_00009	25040 28560 28560 37360
positive_00010	11600 19760 19760 31760
positive_00011	46160 52720 52720 62320
positive_00012	28720 34960 34960 45360
positive_00013	41600 49280 49280 60320
positive_00014	27440 34480 34480 45840
positive_00015	31440 36720 36720 44720
positive_00016	41600 47680 48640 59040
positive_00017	62080 71520 72000 83680
positive_00018	35680 46080 46080 56640
positive_00019	27360 36800 36800 47680
positive_00020	25920 36640 37120 49120
positive_00021	64800 70400 70400 78240
positive_00022	57840 64400 64400 74000
positive_00023	42960 48880 48880 57840
positive_00024	7920 13520 13520 21840
positive_00025	8560 13680 13680 22640
positive_00026	8400 14320 14320 22480
positive_00027	9040 14960 14960 23760
positive_00028	8560 14000 14000 22320
positive_00029	8720 14960 14960 24240
positive_00030	6640 12240 12240 20720
positive_00031	32560 38800 38800 47120
positive_00032	44480 51040 51040 59040
positive_00033	19280 25040 25040 33040
positive_00034	37200 43920 43920 51280
positive_00035	15520 21600 21600 28960
positive_00036	20640 27520 27520 35520
positive_00037	14960 21200 21200 29200
positive_00038	13040 18160 18160 26480
positive_00039	17200 22800 22800 31760
positive_00040	17040 23280 23280 32720
positive_00041	52640 57760 57760 66720
positive_00042	53840 59600 59600 68560
positive_00043	28560 33840 33840 42160
positive_00044	34400 40000 40000 48640
positive_00045	52320 57280 57280 65920
positive_00046	47680 52320 52320 60960
positive_00047	36960 42240 42240 50400
positive_00048	3600 9840 9840 19600
positive_00049	5520 11440 11440 21200
positive_00050	6000 12080 12080 21520
positive_00051	15520 22400 22880 31520
positive_00052	29440 35520 35520 42880
positive_00053	20080 26480 26480 34960
positive_00054	35040 41280 41280 48800
positive_00055	47280 53360 53360 60880
positive_00056	19920 27120 27120 34640
positive_00057	17680 24240 24240 32880
positive_00058	17360 24080 24080 32560
positive_00059	18000 24560 24560 34320
positive_00060	15440 22000 22000 31280
positive_00061	41680 47120 47120 56080
positive_00062	16160 23520 23520 33440
positive_00063	46400 52960 52960 62560
positive_00064	46960 54160 54160 63600
positive_00065	18800 24560 24560 33840
positive_00066	18000 23600 23600 33200
positive_00067	19120 25360 25360 34480
positive_00068	18960 24240 24240 32880
positive_00069	21040 26800 26800 35920
positive_00070	14800 19920 19920 28560
positive_00071	44960 52000 52000 62880
positive_00072	44240 50160 50160 59120
positive_00073	17200 24080 24080 33840
positive_00074	51920 58160 58160 67600
positive_00075	52080 58800 58800 68560
positive_00076	18640 25200 25200 34480
positive_00077	30000 36880 36880 47760
positive_00078	19760 26320 26320 36240
positive_00079	20880 27440 27440 37520
positive_00080	17520 24880 24880 34480
positive_00081	60160 65920 65920 74240
positive_00082	70480 75760 75760 83760
positive_00083	42800 48400 48400 56560
positive_00084	58640 64400 64400 72240
positive_00085	32160 37280 37280 44800
positive_00086	15760 21680 21680 30640
positive_00087	19760 25680 25680 34480
positive_00088	17840 23920 23920 33200
positive_00089	14640 20560 20560 29680
positive_00090	11440 17200 17200 26320
positive_00091	28480 33600 33600 40160
positive_00092	18640 22320 22320 29040
positive_00093	36480 39680 39680 46400
positive_00094	33040 36720 36720 44560
positive_00095	12960 16800 16800 23360
positive_00096	14480 18800 18800 26320
positive_00097	14160 18480 18480 25520
positive_00098	8880 13680 13680 22000
positive_00099	13040 18160 18160 25840
positive_00100	13200 17680 17680 24720
positive_00101	53600 58720 58720 66560
positive_00102	19760 25040 25040 33360
positive_00103	54320 58960 58960 66800
positive_00104	11440 17680 17680 27760
positive_00105	8080 14160 14160 25200
positive_00106	9680 15280 15280 24080
positive_00107	11600 19120 19120 29520
positive_00108	9200 15920 15920 26640
positive_00109	7760 15440 15440 26960
positive_00110	9680 16240 16240 27120
positive_00111	58560 65760 65760 75680
positive_00112	43440 50160 50160 58800
positive_00113	20160 27200 27200 35840
positive_00114	51440 57520 57520 64880
positive_00115	11760 17680 17680 24720
positive_00116	11600 17520 17520 24560
positive_00117	12880 18480 18480 26000
positive_00118	17680 23280 23280 31280
positive_00119	11600 17040 17040 24720
positive_00120	12560 18320 18320 25040
positive_00121	66720 73920 73920 83200
positive_00122	38880 44480 44480 52320
positive_00123	37120 41600 41600 49280
positive_00124	40800 45760 45760 53760
positive_00125	51040 56000 56000 64320
positive_00126	15600 21040 21040 29680
positive_00127	13200 18320 18320 26160
positive_00128	13200 18480 18480 26800
positive_00129	16720 21840 21840 29840
positive_00130	11280 15280 15280 23280
positive_00131	45360 52240 52240 62640
positive_00132	50640 57360 57360 65360
positive_00133	50480 56400 56400 64400
positive_00134	64400 69360 69360 78320
positive_00135	41680 47120 47120 55280
positive_00136	7920 13840 13840 22000
positive_00137	11760 16400 16400 23760
positive_00138	6800 12080 12080 19600
positive_00139	1520 5840 5840 13520
positive_00140	13040 19280 19280 26960
positive_00141	63760 68880 68880 76880
positive_00142	58800 63920 63920 71440
positive_00143	63680 68960 68960 76800
positive_00144	16560 22000 22000 30800
positive_00145	22320 27760 27760 37040
positive_00146	12720 17520 17520 26480
positive_00147	18160 23120 23120 31600
positive_00148	19600 25840 25840 34800
positive_00149	18960 24240 24240 33200
positive_00150	14640 19120 19120 27600
positive_00151	31440 37840 37840 46640
positive_00152	20240 28080 28080 36560
positive_00153	50880 56800 56800 66560
positive_00154	50720 56160 56160 64000
positive_00155	23040 29920 29920 38880
positive_00156	13120 19840 19840 28800
positive_00157	16720 22800 22800 30800
positive_00158	10000 15920 15920 23920
positive_00159	13840 19920 19920 28560
positive_00160	17840 24880 24880 33040
positive_00161	66240 73440 73920 82240
positive_00162	47280 53360 53360 61200
positive_00163	36960 43840 43840 52160
positive_00164	16720 24560 24560 34000
positive_00165	21360 28560 28560 37520
positive_00166	18320 25840 25840 34960
positive_00167	15600 23600 23600 33360
positive_00168	16560 23280 23280 31760
positive_00169	13840 21360 21360 30960
positive_00170	14160 21840 21840 30640
positive_00171	25920 31520 31520 38880
positive_00172	29200 33840 33840 40560
positive_00173	30320 34160 34160 41520
positive_00174	37600 43360 43360 51360
positive_00175	6960 12560 12560 19760
positive_00176	8240 13040 13040 21040
positive_00177	10160 15280 15280 23280
positive_00178	7440 12560 12560 19760
positive_00179	6800 12080 12080 19280
positive_00180	7120 12240 12240 18960
positive_00181	54960 61200 61200 69680
positive_00182	22000 27600 27600 35440
positive_00183	26400 31360 31360 36000
positive_00184	12560 18160 18160 26320
positive_00185	19600 24560 24560 30800
positive_00186	7600 13200 13200 20080
positive_00187	14000 18800 18800 24880
positive_00188	10800 16240 16240 24560
positive_00189	11280 16560 16560 23440
positive_00190	12240 17520 17520 23120
positive_00191	60880 66320 66320 74960
positive_00192	37360 42800 42800 51120
positive_00193	33920 39040 39040 46560
positive_00194	21360 26320 26320 34320
positive_00195	16640 22080 22080 30880
positive_00196	24880 30320 30320 38480
positive_00197	14960 20400 20400 28880
positive_00198	10480 15920 15920 25360
positive_00199	10000 15280 15280 25040
positive_00200	15280 20400 20400 30320
positive_00201	89440 95200 95200 104480
positive_00202	32880 38320 38320 47120
positive_00203	33040 38320 38320 47440
positive_00204	49440 56640 56640 64800
positive_00205	52480 57600 57600 65280
positive_00206	89280 95040 95040 102560
positive_00207	23280 28560 28560 36720
positive_00208	12560 18640 18640 26000
positive_00209	12080 17840 17840 26320
positive_00210	20880 26800 26800 35440
positive_00211	48320 55840 57120 65920
positive_00212	53600 60640 61120 69920
positive_00213	46400 52640 53120 61440
positive_00214	35920 43760 44240 53040
positive_00215	25440 31680 31680 40480
positive_00216	11760 19920 22320 31120
positive_00217	9520 17840 20400 28880
positive_00218	18000 25680 25680 35120
positive_00219	13360 21040 23440 31760
positive_00220	12560 19600 19600 28560
positive_00221	57760 64160 64160 73440
positive_00222	44960 51520 51520 60960
positive_00223	54320 61360 61360 69840
positive_00224	51120 58640 58640 66800
positive_00225	23440 30800 30800 39280
positive_00226	19920 26480 26480 35440
positive_00227	12560 19920 19920 29520
positive_00228	11440 18320 18320 27280
positive_00229	8080 14000 14000 22640
positive_00230	14640 21680 21680 32080
positive_00231	56800 65600 65600 77600
positive_00232	30640 37840 37840 50800
positive_00233	35280 42480 42480 55760
positive_00234	41200 48880 48880 58160
positive_00235	33360 40080 40080 52240
positive_00236	62080 69600 69600 81760
positive_00237	14800 21200 21200 31760
positive_00238	16400 22800 22800 35440
positive_00239	17360 24400 24400 36880
positive_00240	21680 27920 27920 40080
positive_00241	25760 32640 32640 38880
positive_00242	62560 68480 68480 74400
positive_00243	45760 51520 51520 57760
positive_00244	69280 73760 73760 81440
positive_00245	56800 62560 62560 68160
positive_00246	22960 29520 29520 33840
positive_00247	22480 28880 28880 35760
positive_00248	6800 12240 12240 18960
positive_00249	4400 10480 10480 17360
positive_00250	10960 16080 16080 23120
positive_00251	31680 36160 36160 45440
positive_00252	29680 39280 39280 52560
positive_00253	27040 31200 31200 39200
positive_00254	36800 41120 41120 49440
positive_00255	13360 19280 19280 28720
positive_00256	9200 13680 13680 23440
positive_00257	15280 20400 20400 31280
positive_00258	18000 26000 26000 37200
positive_00259	11600 16240 16240 24880
positive_00260	7120 14160 14160 24720
positive_00261	27600 35280 35280 44080
positive_00262	59920 68560 69040 80240
positive_00263	56880 66000 66000 76240
positive_00264	47440 56720 56720 67760
positive_00265	49760 58880 59520 69760
positive_00266	54240 63040 63040 73920
positive_00267	29840 39440 39440 50960
positive_00268	22000 31760 31760 42320
positive_00269	15440 25040 25040 35760
positive_00270	21360 31760 31760 41520
positive_00271	48480 54560 54560 65280
positive_00272	36960 42560 42560 53120
positive_00273	25440 31200 31200 41600
positive_00274	39040 44000 44000 53920
positive_00275	33840 40240 40240 54640
positive_00276	15600 20720 20720 30640
positive_00277	14480 19440 19440 29360
positive_00278	14480 18960 18960 27920
positive_00279	14960 20720 20720 31120
positive_00280	9040 14320 14320 25040
positive_00281	16080 22960 22960 30640
positive_00282	31760 37200 37200 44400
positive_00283	56880 62320 62320 69520
positive_00284	16800 22080 22080 28480
positive_00285	44720 50160 50160 55760
positive_00286	14160 21200 21200 26960
positive_00287	12560 19440 19440 26480
positive_00288	13360 20080 20080 27120
positive_00289	10640 16880 16880 23440
positive_00290	12400 20240 20240 26640
positive_00291	51520 60000 60000 69760
positive_00292	17520 23600 23600 29840
positive_00293	24720 29360 29360 35120
positive_00294	31760 36240 36240 40720
positive_00295	61680 65840 65840 72880
positive_00296	44160 48800 49280 56320
positive_00297	34400 40000 40000 47360
positive_00298	62640 68400 68880 76720
positive_00299	48800 55040 55040 62240
positive_00300	11920 18960 18960 30160
positive_00301	7120 12720 12720 21680
positive_00302	8080 13680 13680 21520
positive_00303	2000 6640 6640 14320
positive_00304	10000 15760 15760 25040
positive_00305	56720 62800 62800 72240
positive_00306	56160 61600 61600 70400
positive_00307	34240 40960 40960 50080
positive_00308	43440 51760 51760 63440
positive_00309	8880 15280 15280 24880
positive_00310	8720 18800 20080 29840
positive_00311	10800 19440 19440 29840
positive_00312	10640 17680 17680 27760
positive_00313	5520 12880 12880 23120
positive_00314	11920 18800 18800 27600
positive_00315	25840 33680 33680 44080
positive_00316	48080 54320 54320 63600
positive_00317	61040 68080 68080 77200
positive_00318	66080 73760 73760 82720
positive_00319	53280 62080 62080 70880
positive_00320	11760 19120 19120 28560
positive_00321	9040 13840 13840 21840
positive_00322	10160 15440 15440 24080
positive_00323	10640 18000 18000 27440
positive_00324	3280 11120 11120 19760
positive_00325	77440 82560 82560 88800
positive_00326	45920 52480 52480 59360
positive_00327	31520 38080 38080 44320
positive_00328	28640 34400 34400 39520
positive_00329	43920 50480 50480 56880
positive_00330	18000 24400 24400 31280
positive_00331	22960 29520 29520 35600
positive_00332	29200 34960 34960 39600
positive_00333	17040 23440 23440 29840
positive_00334	10640 15280 15280 22960
positive_00335	28480 34240 34240 42240
positive_00336	48960 54560 54560 61280
positive_00337	44640 50080 50080 56960
positive_00338	39360 45760 45760 51680
positive_00339	62640 68080 68080 73840
positive_00340	16080 21360 21360 27440
positive_00341	11920 17680 17680 26960
positive_00342	12560 18320 18320 27600
positive_00343	10000 15920 15920 24240
positive_00344	9360 16720 16720 25520
positive_00345	16240 21360 21360 29840
positive_00346	22720 28320 28320 37440
positive_00347	22400 27840 27840 36320
positive_00348	13840 19920 19920 29040
positive_00349	21040 27920 27920 36720
positive_00350	16400 23280 23280 32720
positive_00351	15600 22000 22000 31920
positive_00352	20240 26960 26960 36720
positive_00353	14640 22960 22960 32560
positive_00354	10000 17840 17840 28240
positive_00355	32640 40320 42880 52640
positive_00356	52640 61280 63200 73120
positive_00357	41360 49200 50480 59280
positive_00358	40880 49360 49840 59120
positive_00359	38960 46960 48720 59120
positive_00360	47600 54960 58480 67920
positive_00361	56560 62480 64720 71920
positive_00362	3600 10480 10480 19760
positive_00363	4720 12400 18640 28240
positive_00364	4240 11920 12880 23600
positive_00365	50720 57920 58400 68000
positive_00366	34800 42960 42960 52880
positive_00367	49920 57760 57760 63680
positive_00368	49680 57200 57200 67600
positive_00369	18880 26080 26080 32000
positive_00370	47360 55200 55200 60960
positive_00371	46320 53520 53520 62000
positive_00372	57280 63840 63840 69280
positive_00373	33600 40960 40960 49280
positive_00374	16080 22320 22320 30640
positive_00375	23680 28640 28640 35680
positive_00376	30400 35520 35520 44160
positive_00377	35680 41120 41120 48960
positive_00378	33840 38480 38480 47120
positive_00379	50320 55440 55440 63440
positive_00380	45200 50320 50320 57680
positive_00381	12560 17840 17840 26960
positive_00382	15120 20560 20560 29680
positive_00383	14320 19280 19280 27920
positive_00384	12400 17360 17360 26160
positive_00385	21360 29840 29840 38960
positive_00386	16000 23040 23040 29600
positive_00387	50560 58080 58080 66400
positive_00388	16720 23600 23600 33040
positive_00389	6640 14320 14320 25040
positive_00390	4720 11760 11760 20720
positive_00391	6480 14480 14480 23440
positive_00392	8560 14320 14320 22000
positive_00393	7280 13360 13360 21520
positive_00394	7920 14960 14960 24720
positive_00395	73200 82320 93200 103920
positive_00396	58800 66640 74960 85040
positive_00397	37360 45520 53840 62640
positive_00398	62800 66480 94320 104400
positive_00399	18000 26640 37840 48080
positive_00400	14800 22480 35440 45520
positive_00401	20560 29040 41040 51280
positive_00402	13040 22160 30000 40400
positive_00403	20400 29360 38320 48560
positive_00404	16400 24880 33840 43600
positive_00405	64240 71120 71120 80240
positive_00406	52720 60880 60880 69840
positive_00407	32560 39920 39920 49360
positive_00408	64560 71120 71120 79920
positive_00409	40480 48800 49280 56960
positive_00410	18800 25360 25360 34480
positive_00411	9840 17360 17360 28400
positive_00412	10480 18160 18160 27440
positive_00413	13680 20560 20560 30800
positive_00414	11280 18640 18640 28240
positive_00415	37920 49920 51200 63520
positive_00416	48560 60400 69840 86480
positive_00417	46080 53120 53120 66720
positive_00418	58480 69360 73040 85840
positive_00419	19600 29840 29840 44880
positive_00420	17200 28880 30000 40240
positive_00421	15440 28400 32240 43120
positive_00422	21840 26480 26480 35920
positive_00423	22320 31440 31440 43440
positive_00424	14640 20400 20400 31760
positive_00425	48960 54080 54080 61600
positive_00426	43760 49200 49200 56080
positive_00427	71440 76720 76720 83760
positive_00428	77920 83680 83680 91840
positive_00429	16080 22000 22000 31600
positive_00430	19600 25040 25040 32880
positive_00431	19920 25520 25520 33040
positive_00432	14640 20080 20080 28240
positive_00433	8560 14160 14160 21680
positive_00434	21680 28880 28880 37360
positive_00435	44560 49040 49040 57360
positive_00436	26560 31680 32160 40000
positive_00437	51280 56080 56080 65680
positive_00438	47680 52640 52640 61120
positive_00439	13040 18160 18160 26640
positive_00440	13040 18320 18320 27280
positive_00441	14960 19760 19760 28080
positive_00442	11760 16880 16880 24880
positive_00443	12400 17680 17680 26000
positive_00444	10960 15920 15920 23600
positive_00445	19520 25440 25440 35200
positive_00446	27120 33200 33200 43920
positive_00447	30560 36480 36480 46240
positive_00448	36000 41760 41760 51680
positive_00449	50320 55920 55920 65360
positive_00450	43680 49120 49120 59040
positive_00451	16240 22000 22000 33360
positive_00452	10480 15920 15920 24560
positive_00453	8880 14320 14320 23440
positive_00454	4400 9360 9360 18800
positive_00455	29680 37200 37200 47120
positive_00456	54240 60640 60640 69440
positive_00457	42160 47600 47600 55440
positive_00458	13200 20240 20240 29520
positive_00459	26880 32960 32960 40160
positive_00460	57280 62240 62240 68480
positive_00461	9680 15280 15280 24400
positive_00462	14000 19600 19600 28400
positive_00463	7920 13840 13840 22640
positive_00464	10960 16560 16560 25680
positive_00465	40320 48480 48960 58560
positive_00466	40480 48640 49120 59680
positive_00467	33120 39360 39360 48320
positive_00468	18960 24880 24880 32720
positive_00469	49760 55360 55360 64960
positive_00470	29840 35760 35760 44720
positive_00471	9520 14960 14960 23440
positive_00472	10800 15760 15760 24720
positive_00473	11600 17040 17040 26960
positive_00474	11760 17040 17040 27120
positive_00475	51440 59280 59280 67600
positive_00476	56400 64080 64080 73360
positive_00477	48720 58160 58160 68240
positive_00478	31040 39200 39200 48960
positive_00479	14240 24000 24000 33280
positive_00480	17280 26400 26400 35360
positive_00481	33840 41840 41840 49680
positive_00482	12560 22160 22160 31120
positive_00483	13360 21040 21040 29680
positive_00484	9360 18320 18320 29040
positive_00485	40400 49360 49840 59280
positive_00486	41200 50320 50800 60880
positive_00487	23280 32240 33360 43760
positive_00488	52560 60560 61040 71920
positive_00489	48320 56640 57760 68160
positive_00490	26000 34640 36240 45840
positive_00491	11280 16720 16720 24560
positive_00492	8400 14640 14640 23440
positive_00493	9520 17040 17040 25520
positive_00494	8880 15760 15760 25200
positive_00495	46160 52880 52880 61200
positive_00496	27440 32720 32720 41840
positive_00497	54880 59840 59840 69280
positive_00498	34880 39360 39360 47840
positive_00499	24720 30000 30000 38320
positive_00500	18320 22800 22800 31600
positive_00501	13840 18800 18800 27760
positive_00502	33520 39440 39920 49840
positive_00503	19600 24720 24720 33520
positive_00504	16080 23120 23600 33040
positive_00505	21440 27040 27040 35520
positive_00506	56160 60960 60960 68960
positive_00507	41120 45760 45760 53920
positive_00508	44720 49520 49520 60080
positive_00509	39520 44160 44160 53120
positive_00510	31600 36560 36560 44720
positive_00511	30880 35840 35840 44640
positive_00512	18960 23760 23760 32400
positive_00513	24720 29200 29200 38000
positive_00514	14160 18960 18960 26480
positive_00515	34960 40080 40080 48400
positive_00516	50160 54640 54640 61680
positive_00517	30400 35040 35040 43840
positive_00518	44640 48640 48640 56480
positive_00519	32560 36880 36880 43440
positive_00520	26320 30800 30800 38160
positive_00521	17760 21760 21760 28640
positive_00522	21680 26640 26640 34640
positive_00523	26320 31120 31120 39760
positive_00524	10000 14160 14160 22160
positive_00525	46000 51600 51600 58160
positive_00526	48560 54160 54160 60560
positive_00527	31760 37040 37040 41840
positive_00528	44080 50160 50640 58800
positive_00529	5840 13520 14480 23120
positive_00530	2800 10160 12400 21200
positive_00531	18480 26000 29520 38800
positive_00532	2640 11280 12560 21200
positive_00533	720 6480 11920 20720
positive_00534	1840 7920 10160 18160
positive_00535	31120 38160 38160 47920
positive_00536	38400 45120 45120 54400
positive_00537	52880 59440 59440 69040
positive_00538	26880 32800 32800 41600
positive_00539	32240 37840 37840 46640
positive_00540	32960 37760 37760 46240
positive_00541	30480 36560 36560 45360
positive_00542	67040 75680 75680 87200
positive_00543	35920 45360 45360 55920
positive_00544	25600 33920 33920 43680
positive_00545	78560 86400 86400 95680
positive_00546	37200 45520 45520 54640
positive_00547	56560 64080 64080 71920
positive_00548	17520 26160 26160 37200
positive_00549	26640 36080 36080 47120
positive_00550	4560 13680 13680 24080
positive_00551	20880 30480 30480 41040
positive_00552	61520 68720 68720 79600
positive_00553	37440 45120 45120 54880
positive_00554	24640 31200 31200 40800
positive_00555	51760 59760 59760 70000
positive_00556	37200 46160 46160 58000
positive_00557	62560 71840 71840 82880
positive_00558	91280 99920 99920 111600
positive_00559	31680 39520 39520 50080
positive_00560	23280 32240 32240 43440
positive_00561	42240 49760 49760 58400
positive_00562	52080 61040 61040 69840
positive_00563	47200 52320 52320 61120
positive_00564	21040 26000 26000 33360
positive_00565	23680 31360 31360 38720
positive_00566	11200 16960 16960 25920
positive_00567	34080 40640 40640 54240
positive_00568	10480 14160 14160 21040
positive_00569	18960 23760 23760 30480
positive_00570	18160 24080 24080 31280
positive_00571	8240 12400 12400 19760
positive_00572	72080 79440 79440 90000
positive_00573	67600 77040 77040 85520
positive_00574	16240 23120 23120 30960
positive_00575	35680 42080 42080 49760
positive_00576	46160 52400 52400 60240
positive_00577	39280 46160 46160 54160
positive_00578	47440 53200 53200 61680
positive_00579	43760 49840 49840 58160
positive_00580	52240 57680 57680 66320
positive_00581	53200 59120 59120 67760
positive_00582	24080 30000 30000 38800
positive_00583	44160 49760 49760 57120
positive_00584	49280 59200 59200 68160
positive_00585	66960 72240 72240 79760
positive_00586	43680 48160 48160 51840
positive_00587	26240 31520 31520 40000
positive_00588	4720 10000 10000 16080
positive_00589	3920 9040 9040 18160
positive_00590	3440 11120 11120 20720
positive_00591	240 4240 4240 12240
positive_00592	27200 33920 33920 44480
positive_00593	25440 33280 33280 44800
positive_00594	26320 33040 33040 42000
positive_00595	48560 55280 55280 66480
positive_00596	36640 43360 43360 52800
positive_00597	56080 62000 62000 70160
positive_00598	37200 44240 44240 53840
positive_00599	26240 32960 32960 42240
positive_00600	13520 20400 20400 30000
positive_00601	11760 18480 18480 28080
positive_00602	44400 50000 50000 58320
positive_00603	39360 44640 44640 52160
positive_00604	56720 62640 62640 68560
positive_00605	12080 17360 17360 24720
positive_00606	13680 18800 18800 26960
positive_00607	9360 15280 15280 23280
positive_00608	11440 16720 16720 24560
positive_00609	16560 21200 21200 29200
positive_00610	9520 13840 13840 21520
positive_00611	4240 11280 11280 19120
positive_00612	31040 39360 39840 51840
positive_00613	56880 64560 64560 76240
positive_00614	51920 59120 59120 69520
positive_00615	34400 41440 41440 51360
positive_00616	16960 25280 25280 33920
positive_00617	6320 13680 13680 23120
positive_00618	7920 15440 15440 24080
positive_00619	5520 12240 12240 19600
positive_00620	3920 10160 10160 18000
positive_00621	4720 11440 11440 20400
positive_00622	58960 65360 65360 75440
positive_00623	28880 34480 34480 44080
positive_00624	29280 34400 34400 43680
positive_00625	22000 29200 29200 38000
positive_00626	12560 18000 18000 25680
positive_00627	7280 12880 12880 24080
positive_00628	9520 15760 15760 26160
positive_00629	11760 17520 17520 26480
positive_00630	6800 12560 12560 22800
positive_00631	9520 14960 14960 24080
positive_00632	23440 28720 28720 37040
positive_00633	24240 30800 30800 38800
positive_00634	52800 58720 58720 66240
positive_00635	17600 22880 22880 30880
positive_00636	5200 9680 9680 15760
positive_00637	2800 9360 9360 16880
positive_00638	4720 8880 8880 17680
positive_00639	5040 9200 9200 16240
positive_00640	5680 9680 9680 16560
positive_00641	8880 13040 13040 19760
positive_00642	31280 37200 37200 46640
positive_00643	42080 48160 48160 57600
positive_00644	68480 76160 76640 85760
positive_00645	42720 50080 50080 58560
positive_00646	27120 34320 34320 42480
positive_00647	8720 17200 17200 28720
positive_00648	11920 19280 19280 28560
positive_00649	11280 17200 17200 26320
positive_00650	14320 23760 23760 34000
positive_00651	13040 21520 24880 34160
positive_00652	40160 46400 46400 55680
positive_00653	14320 19120 19120 26960
positive_00654	70720 75360 75360 82560
positive_00655	34400 39520 39520 48640
positive_00656	36720 41840 41840 49680
positive_00657	26960 31760 31760 40720
positive_00658	26720 31200 31200 37600
positive_00659	14640 18960 18960 25360
positive_00660	44080 47920 47920 59440
positive_00661	29600 33280 33280 39680
positive_00662	23600 27280 27280 34160
positive_00663	26000 29200 29200 35440
positive_00664	35840 39520 39520 44000
positive_00665	39520 42720 42720 49280
positive_00666	7760 11760 11760 16240
positive_00667	24160 29760 29760 38400
positive_00668	50800 57520 57520 67120
positive_00669	40880 46800 46800 55280
positive_00670	11600 18320 18320 27440
positive_00671	10480 17040 17040 27120
positive_00672	7600 13680 13680 23120
positive_00673	10800 17680 17680 27120
positive_00674	7440 13840 13840 23440
positive_00675	10960 17520 17520 27280
positive_00676	11280 18160 18160 27120
positive_00677	38320 42000 42000 47600
positive_00678	33760 37440 37440 42880
positive_00679	15840 19360 19360 24480
positive_00680	10640 14800 14800 22480
positive_00681	12560 20080 20080 25360
positive_00682	6960 11920 11920 20560
positive_00683	9840 14640 14640 22960
positive_00684	8400 13520 13520 22160
positive_00685	8080 13200 13200 20720
positive_00686	12240 16560 16560 25360
positive_00687	19120 25200 25200 33680
positive_00688	58400 63680 63680 72480
positive_00689	38000 44400 44400 54320
positive_00690	21120 27520 27520 34080
positive_00691	64720 75600 75600 86960
positive_00692	51920 58640 58640 68400
positive_00693	3920 9520 9520 16880
positive_00694	16880 25840 25840 34800
positive_00695	16240 22000 22000 29200
positive_00696	33520 41680 41680 50800
positive_00697	22240 27680 27680 34880
positive_00698	56320 61440 61440 72320
positive_00699	35920 40240 40240 48400
positive_00700	20240 26160 26160 34480
positive_00701	14640 20560 20560 29840
positive_00702	12080 17360 17360 24720
positive_00703	13360 18960 18960 26640
positive_00704	16720 23280 23280 31440
positive_00705	15600 21360 21360 30640
positive_00706	14320 18640 18640 27440
positive_00707	38480 44080 44080 54160
positive_00708	26960 33680 33680 43440
positive_00709	49680 55600 55600 65040
positive_00710	47600 53680 53680 62320
positive_00711	24160 29280 29280 40320
positive_00712	45840 52080 52080 62800
positive_00713	39280 44240 44240 53680
positive_00714	55600 60880 60880 70480
positive_00715	9360 15440 15440 22320
positive_00716	6960 11600 11600 19920
positive_00717	28000 34400 34400 42240
positive_00718	36720 42480 42480 49680
positive_00719	30960 36560 36560 44720
positive_00720	17600 22880 22880 31360
positive_00721	38880 44160 44160 51360
positive_00722	45280 50400 50400 58240
positive_00723	49840 55440 55440 63120
positive_00724	10640 15920 15920 23440
positive_00725	9680 14480 14480 21680
positive_00726	13040 17840 17840 26640
positive_00727	38000 43760 44880 52240
positive_00728	35360 40800 41280 48960
positive_00729	21760 28960 29440 36320
positive_00730	37520 42960 43440 49040
positive_00731	25840 31440 31920 37840
positive_00732	12000 17280 17760 24480
positive_00733	36240 41360 42000 48080
positive_00734	36080 43280 44240 53680
positive_00735	32400 40560 41360 47440
positive_00736	13840 22160 22640 30320
positive_00737	28640 33760 33760 40960
positive_00738	31440 37360 37360 44720
positive_00739	55520 60800 60800 67360
positive_00740	4880 11280 11280 21680
positive_00741	240 4720 4720 15440
positive_00742	3440 9840 9840 19760
positive_00743	240 5360 5360 14800
positive_00744	240 2320 2320 18000
positive_00745	240 4400 4400 14960
positive_00746	240 3440 3440 13040
positive_00747	70960 76240 76240 85040
positive_00748	48000 53280 53280 62720
positive_00749	30160 36400 36400 45360
positive_00750	39520 46080 46080 54560
positive_00751	20000 26560 26560 36480
positive_00752	38720 44160 44160 52800
positive_00753	23440 29040 29040 38480
positive_00754	26880 32320 32320 41280
positive_00755	42160 47600 47600 56560
positive_00756	9520 14640 14640 23440
positive_00757	36960 42560 42560 49440
positive_00758	14720 21280 21280 29120
positive_00759	52160 58240 58240 64320
positive_00760	43680 50080 50080 57920
positive_00761	14800 20080 20080 27920
positive_00762	16400 22320 22320 29840
positive_00763	14160 19920 19920 27920
positive_00764	10800 16240 16240 24080
positive_00765	12880 20080 20080 29200
positive_00766	10000 16400 16400 24240
positive_00767	40080 45520 45520 53840
positive_00768	39520 43520 43520 49760
positive_00769	38160 42160 42160 49840
positive_00770	38080 42560 42560 50560
positive_00771	48800 52800 52800 60640
positive_00772	45280 49280 49280 56800
positive_00773	51600 56080 56080 63440
positive_00774	8560 13200 13200 18480
positive_00775	8080 13040 13040 19280
positive_00776	8240 12080 12080 18160
positive_00777	53680 58960 58960 65200
positive_00778	46080 52960 52960 57920
positive_00779	79760 86800 86800 95280
positive_00780	56000 64480 64960 74720
positive_00781	11920 19760 19760 28400
positive_00782	9680 17680 18960 26640
positive_00783	9040 18000 18000 26480
positive_00784	5680 12560 12560 21680
positive_00785	12400 20560 20560 29200
positive_00786	3760 14000 14000 20080
positive_00787	33040 38160 38160 46320
positive_00788	15680 20000 20000 27520
positive_00789	17920 21920 21920 28800
positive_00790	10480 14800 14800 22000
positive_00791	13520 18000 18000 26480
positive_00792	14480 16560 16560 23760
positive_00793	9360 13360 13360 20720
positive_00794	14000 17680 17680 24720
positive_00795	14960 19920 19920 27120
positive_00796	11440 16240 16240 24240
positive_00797	63840 72320 75040 86240
positive_00798	38480 44400 44400 51760
positive_00799	39520 44960 46400 53120
positive_00800	47120 54000 57840 66320
positive_00801	9520 16240 16240 23760
positive_00802	14800 21200 21680 29040
positive_00803	10640 16400 16400 23760
positive_00804	14480 20720 20720 28240
positive_00805	13360 19920 22320 29360
positive_00806	8880 15280 15280 25200
positive_00807	53360 62000 62480 71600
positive_00808	25840 32880 33360 42160
positive_00809	21040 30320 32080 40720
positive_00810	48880 55760 56240 63600
positive_00811	3600 9680 9680 17360
positive_00812	10160 15120 15120 22800
positive_00813	11920 16400 16400 23600
positive_00814	11280 16560 16560 23760
positive_00815	8080 14000 14000 22000
positive_00816	7440 12880 12880 20240
positive_00817	22880 29920 30400 39520
positive_00818	56400 63920 63920 74320
positive_00819	49280 55040 55040 64160
positive_00820	58720 65120 65120 73760
positive_00821	73280 81120 81120 90400
positive_00822	8720 17520 17520 30160
positive_00823	5360 13360 13360 23920
positive_00824	10800 15600 15600 24240
positive_00825	7120 13520 13520 22960
positive_00826	7920 14000 14000 24080
positive_00827	19600 26160 26160 36720
positive_00828	61040 66960 66960 76400
positive_00829	52720 58000 58000 66160
positive_00830	45440 51360 51360 60480
positive_00831	74560 80160 80160 90240
positive_00832	22960 29040 29040 40400
positive_00833	21840 26800 26800 36240
positive_00834	21360 26480 26480 36080
positive_00835	19280 24240 24240 32880
positive_00836	17520 23440 23440 32400
positive_00837	56320 63360 64480 70560
positive_00838	28400 34480 34480 45360
positive_00839	40240 44880 44880 51600
positive_00840	34640 40880 40880 46640
positive_00841	25600 31360 31360 40160
positive_00842	49360 58640 58640 64080
positive_00843	56480 61760 61760 67040
positive_00844	23600 30000 30000 34960
positive_00845	21040 25200 25200 35440
positive_00846	36480 45280 45280 56000
positive_00847	76320 84000 84000 95520
positive_00848	48000 55520 55520 66080
positive_00849	25520 32560 32560 42160
positive_00850	52160 59040 59040 68800
positive_00851	55280 62160 62160 72080
positive_00852	31040 38720 38720 49120
positive_00853	8880 16720 16720 27600
positive_00854	11600 19920 19920 30000
positive_00855	8720 16720 16720 26480
positive_00856	9360 17840 17840 28240
positive_00857	14160 18480 18480 25200
positive_00858	48560 52400 52400 58640
positive_00859	53280 57440 57440 62720
positive_00860	34480 41200 41200 48400
positive_00861	11920 15760 15760 22320
positive_00862	9680 13680 13680 20720
positive_00863	8720 12880 12880 19280
positive_00864	8560 11760 11760 19120
positive_00865	9840 13840 13840 20880
positive_00866	8560 12240 12240 18000
positive_00867	45280 52000 52000 60320
positive_00868	62320 67920 67920 77200
positive_00869	77200 82320 82320 89680
positive_00870	33760 40320 40320 47840
positive_00871	20160 25280 25280 33120
positive_00872	43440 48720 48720 56880
positive_00873	32240 38320 38320 46480
positive_00874	33520 39120 39120 46800
positive_00875	69280 74880 74880 82400
positive_00876	49520 55600 55600 63280
positive_00877	48640 54880 54880 64000
positive_00878	45760 52800 52800 61600
positive_00879	22160 30000 30000 39280
positive_00880	86240 93120 93120 102080
positive_00881	28720 35760 35760 44240
positive_00882	42480 49200 49200 58320
positive_00883	13040 19600 19600 28400
positive_00884	15280 21520 21520 30800
positive_00885	8720 14640 14640 22480
positive_00886	15760 21360 21360 30800
positive_00887	69760 77920 78400 93600
positive_00888	66960 72240 75920 82320
positive_00889	41280 49760 49760 57120
positive_00890	12720 19440 19440 29520
positive_00891	12560 23920 23920 32880
positive_00892	16400 23760 23760 33040
positive_00893	15280 24560 24560 36880
positive_00894	18800 23440 33040 41840
positive_00895	14960 26160 26160 34000
positive_00896	14000 22000 22000 31760
positive_00897	80720 91600 92080 100560
positive_00898	25120 30720 30720 38080
positive_00899	49280 55040 55040 63680
positive_00900	13360 18960 18960 29040
positive_00901	20720 26480 26480 34000
positive_00902	15600 21680 21680 31120
positive_00903	15280 21200 21200 29840
positive_00904	17200 23760 23760 32240
positive_00905	15120 21040 21040 28880
positive_00906	10800 17360 17360 25520
positive_00907	26560 33920 33920 43520
positive_00908	54560 61280 61280 70400
positive_00909	43280 49680 49680 58000
positive_00910	65440 71520 71520 80320
positive_00911	25120 30720 30720 39680
positive_00912	41920 47680 47680 55520
positive_00913	18320 23440 23440 30480
positive_00914	21200 27280 27280 35280
positive_00915	9680 15600 15600 23440
positive_00916	13680 19920 19920 26640
positive_00917	48080 56400 56400 67280
positive_00918	29920 37120 37120 44800
positive_00919	14000 19920 19920 29680
positive_00920	7760 14320 14320 22960
positive_00921	7760 14160 14160 23280
positive_00922	10000 15760 15760 25040
positive_00923	10320 15920 15920 25840
positive_00924	14800 22000 22000 31600
positive_00925	13520 20240 20240 30160
positive_00926	17840 25040 25040 34960
positive_00927	35920 40560 40560 48080
positive_00928	69120 74720 74720 81440
positive_00929	45840 50800 50800 55440
positive_00930	19360 23680 23680 31040
positive_00931	32160 36640 36640 43840
positive_00932	4560 9680 9680 19600
positive_00933	10000 14000 14000 22800
positive_00934	6160 10160 10160 16400
positive_00935	4400 8400 8400 15760
positive_00936	6800 10640 10640 17520
positive_00937	48160 55360 55360 64000
positive_00938	34800 42160 42160 48080
positive_00939	47040 52800 52800 59360
positive_00940	44960 52640 52640 57440
positive_00941	55120 61200 61200 67920
positive_00942	52560 58960 58960 66480
positive_00943	13840 20560 20560 30000
positive_00944	14320 20880 20880 29840
positive_00945	14320 20720 20720 29520
positive_00946	17040 23440 23440 33520
positive_00947	41760 46560 46560 52800
positive_00948	54560 58720 58720 64640
positive_00949	50160 54480 54480 62000
positive_00950	60800 66080 66080 72480
positive_00951	6320 11920 11920 20720
positive_00952	10000 15120 15120 22640
positive_00953	7440 12240 12240 22000
positive_00954	6480 11760 11760 20080
positive_00955	6000 11280 11280 20560
positive_00956	5200 9680 9680 16880
positive_00957	34720 42240 42240 49760
positive_00958	35600 41680 41680 50000
positive_00959	42080 47200 47200 53920
positive_00960	75120 80880 80880 88880
positive_00961	40240 45520 45520 53360
positive_00962	12720 18480 18480 27280
positive_00963	17680 24400 24400 33680
positive_00964	14320 22480 22480 31920
positive_00965	16080 24240 24720 35120
positive_00966	13360 20400 20400 30320
positive_00967	22480 30640 30640 41040
positive_00968	15120 21840 21840 31920
positive_00969	47040 53920 53920 64960
positive_00970	35520 42080 42560 51040
positive_00971	43200 49600 49600 55040
positive_00972	13520 19600 19600 27600
positive_00973	16080 21840 21840 31920
positive_00974	11920 18160 18160 26960
positive_00975	12240 17840 17840 25840
positive_00976	14960 21200 21200 29520
positive_00977	31600 37840 37840 47760
positive_00978	22720 29440 29440 37760
positive_00979	27920 33360 33360 40400
positive_00980	31680 37280 37280 44000
positive_00981	24960 30880 30880 35680
positive_00982	23120 27600 27600 34160
positive_00983	47040 52160 52160 57600
positive_00984	39680 44800 44800 52800
positive_00985	4560 9680 9680 15280
positive_00986	6320 12240 12240 19440
positive_00987	27200 31840 31840 40320
positive_00988	41840 47280 47280 55920
positive_00989	21760 26880 26880 35040
positive_00990	30080 35200 35200 43840
positive_00991	44640 49120 49120 56640
positive_00992	6480 10160 10160 17360
positive_00993	2960 9520 9520 17040
positive_00994	13680 18960 18960 26000
positive_00995	11760 16240 16240 23760
positive_00996	11760 16720 16720 24880
positive_00997	52560 57520 57520 68720
positive_00998	55440 60400 60400 70640
positive_00999	45440 50400 50400 59520
positive_01000	51360 56320 56320 66080
positive_01001	31760 36240 36240 45360
positive_01002	61840 66480 66480 76400
positive_01003	26400 30400 30400 38240
positive_01004	38720 42720 42720 50560
positive_01005	10320 14320 14320 24880
positive_01006	16080 20400 20400 27920
positive_01007	30000 34640 34640 42160
positive_01008	47520 53760 53760 61440
positive_01009	8720 13040 13040 20240
positive_01010	11440 16240 16240 22480
positive_01011	10800 15760 15760 23280
positive_01012	12240 17200 17200 30480
positive_01013	8240 12560 12560 20080
positive_01014	11440 15440 15440 23120
positive_01015	11920 16880 16880 23920
positive_01016	14320 17680 17680 24560
positive_01017	29920 35200 35200 43200
positive_01018	24720 30960 30960 38800
positive_01019	30320 35600 35600 43280
positive_01020	16320 23040 23040 31840
positive_01021	16640 22400 22400 30880
positive_01022	53040 58160 58160 65680
positive_01023	22400 28640 28640 36800
positive_01024	9680 15280 15280 21840
positive_01025	7760 13520 13520 20240
positive_01026	10800 15920 15920 22640
positive_01027	60000 66080 66080 74880
positive_01028	44480 50720 50720 59680
positive_01029	27840 35040 35040 45120
positive_01030	30400 36000 36000 46080
positive_01031	7600 16880 16880 27760
positive_01032	6640 13520 13520 24080
positive_01033	4400 13680 13680 24240
positive_01034	4080 12560 12560 22640
positive_01035	8560 15440 15440 23760
positive_01036	3280 12720 12720 24560
positive_01037	66000 71440 71440 77680
positive_01038	37200 42640 42640 50960
positive_01039	20160 25600 25600 34240
positive_01040	50000 56240 56240 64880
positive_01041	12240 17840 17840 27920
positive_01042	6160 11440 11440 21360
positive_01043	11760 18480 18480 28240
positive_01044	7280 13040 13040 23120
positive_01045	7760 12240 12240 21520
positive_01046	8720 14160 14160 25040
positive_01047	17440 24000 24000 30720
positive_01048	19920 25840 25840 34320
positive_01049	15600 21680 21680 28240
positive_01050	43200 48320 48320 53600
positive_01051	26320 31440 31440 39280
positive_01052	26720 31840 31840 37600
positive_01053	40800 46720 46720 53600
positive_01054	42560 48320 48320 55360
positive_01055	15360 20320 20320 27840
positive_01056	19440 25520 25520 32720
positive_01057	40640 49280 49760 59680
positive_01058	30800 37520 37520 45520
positive_01059	36640 44960 44960 53600
positive_01060	13520 23280 23280 33040
positive_01061	10160 18480 18960 28720
positive_01062	10160 18000 18000 26640
positive_01063	14320 21840 24400 33680
positive_01064	7920 16400 17520 26480
positive_01065	15280 23280 23760 32720
positive_01066	14480 22480 22480 31920
positive_01067	29520 35920 35920 43440
positive_01068	35200 43040 44160 51040
positive_01069	20720 29040 30480 38960
positive_01070	11120 19760 23760 32880
positive_01071	12720 19760 19760 29360
positive_01072	12560 20560 21040 30320
positive_01073	10160 16880 16880 26960
positive_01074	11440 17360 17360 26160
positive_01075	11600 17680 17680 26640
positive_01076	13040 20400 20880 31280
positive_01077	52800 58880 58880 67040
positive_01078	82000 88080 88080 95920
positive_01079	26480 32880 32880 41360
positive_01080	33200 40400 40400 46160
positive_01081	16880 24560 24560 32880
positive_01082	28400 35600 36080 44240
positive_01083	51440 57360 57360 63920
positive_01084	21360 26960 26960 36080
positive_01085	12080 18160 18160 26960
positive_01086	13840 20080 20080 29680
positive_01087	54880 61440 61440 68960
positive_01088	52960 59520 59520 67040
positive_01089	39360 45760 46240 53760
positive_01090	44240 51120 51600 59280
positive_01091	13040 19280 19280 27760
positive_01092	8080 15120 15120 23280
positive_01093	11920 18160 18160 25520
positive_01094	9200 15600 15600 22960
positive_01095	10960 17840 17840 25680
positive_01096	7440 13200 13200 20720
positive_01097	61680 66320 66320 74640
positive_01098	35520 40480 40480 47840
positive_01099	32320 37280 37280 45600
positive_01100	21760 26240 26240 34560
positive_01101	40400 45040 45040 52240
positive_01102	17680 22000 22000 30000
positive_01103	18480 22480 22480 30160
positive_01104	3760 8080 8080 15920
positive_01105	10800 14960 14960 23120
positive_01106	1680 8400 8400 17040
positive_01107	17680 23120 23120 33520
positive_01108	42960 48240 48240 58000
positive_01109	51280 56400 56400 66480
positive_01110	11440 19440 23280 30000
positive_01111	11120 19760 22640 31920
positive_01112	8560 16880 20400 30000
positive_01113	13040 19440 19440 29360
positive_01114	6480 14480 17360 26480
positive_01115	5520 13040 15600 24720
positive_01116	7280 14960 18640 27600
positive_01117	54240 62080 63680 73600
positive_01118	29920 39360 39840 49760
positive_01119	42640 51280 51280 62640
positive_01120	49600 59200 62240 73760
positive_01121	38960 44240 44240 52560
positive_01122	40400 46960 46960 55280
positive_01123	40640 47200 47200 57120
positive_01124	14000 19600 19600 28240
positive_01125	9840 16880 16880 26480
positive_01126	14000 23120 23120 34640
positive_01127	61360 67920 68560 77200
positive_01128	82320 88080 88080 96080
positive_01129	46400 52640 52640 60960
positive_01130	68240 74320 74320 82320
positive_01131	40320 46560 46560 54240
positive_01132	69040 74960 74960 83280
positive_01133	12720 18640 18640 26960
positive_01134	8240 13840 13840 22800
positive_01135	6800 13840 13840 22960
positive_01136	13520 18800 18800 27280
positive_01137	10960 17040 17040 26320
positive_01138	14160 20400 20400 29040
positive_01139	32000 38400 38880 44480
positive_01140	42960 49840 50320 57360
positive_01141	47200 53920 53920 60000
positive_01142	53120 60000 60480 66240
positive_01143	57200 62800 63600 71760
positive_01144	31920 39120 40080 46640
positive_01145	48560 55280 55760 65360
positive_01146	19440 25680 26160 34480
positive_01147	18800 26320 26800 36400
positive_01148	32240 36720 36720 45680
positive_01149	44400 52720 53200 64080
positive_01150	18720 27520 28000 36960
positive_01151	41680 50480 51600 62160
positive_01152	16560 27760 37520 50160
positive_01153	13840 23440 28240 37520
positive_01154	18160 29360 34320 44240
positive_01155	17360 30160 31920 42320
positive_01156	16240 25200 27760 37040
positive_01157	19120 29360 32720 43760
positive_01158	13040 21200 23760 32880
positive_01159	29440 34880 34880 42720
positive_01160	69040 75120 75120 82160
positive_01161	34880 40320 40320 48480
positive_01162	44640 50080 50080 58080
positive_01163	53040 59280 59280 68720
positive_01164	28560 34480 34480 42000
positive_01165	3600 9360 9360 16880
positive_01166	5200 12720 12720 23760
positive_01167	11920 18160 18160 25360
positive_01168	3440 10960 10960 20400
positive_01169	20720 28720 30000 39600
positive_01170	60720 66960 66960 73840
positive_01171	32320 37600 37600 44480
positive_01172	36720 39760 39760 48400
positive_01173	31840 37920 37920 45280
positive_01174	63280 68080 68080 76720
positive_01175	36960 41920 41920 51680
positive_01176	14400 22720 22720 31680
positive_01177	56400 64080 64080 72880
positive_01178	46320 53360 53360 61680
positive_01179	43040 49600 49600 57760
positive_01180	48400 55760 55760 63280
positive_01181	38880 45600 45600 53440
positive_01182	6480 13680 13680 21040
positive_01183	8880 16240 16240 24560
positive_01184	7760 15120 15120 23120
positive_01185	8720 16080 16080 24560
positive_01186	10960 18800 18800 27920
positive_01187	50960 59920 59920 69680
positive_01188	25200 33040 33040 44720
positive_01189	33040 39920 39920 49680
positive_01190	34960 43280 44560 54480
positive_01191	12080 18320 18320 27120
positive_01192	16240 23280 23280 32080
positive_01193	11120 18640 18640 27120
positive_01194	12720 19120 19120 27600
positive_01195	15600 21840 21840 31120
positive_01196	13520 21360 21360 30160
positive_01197	32240 37200 37200 44240
positive_01198	46880 51520 51520 57920
positive_01199	30240 33280 33280 39680
positive_01200	17200 20560 20560 26640
positive_01201	25200 28880 28880 35280
positive_01202	44320 47200 47200 52960
positive_01203	49760 54560 54560 60320
positive_01204	32320 40960 40960 49760
positive_01205	62160 70160 70800 80080
positive_01206	56240 63440 63440 73040
positive_01207	13520 21520 21520 32240
positive_01208	8720 17200 17200 28880
positive_01209	10640 18640 18640 28720
positive_01210	5840 13520 13520 23600
positive_01211	6480 15280 15280 25840
positive_01212	12880 20880 20880 31120
positive_01213	7920 16240 17680 27760
positive_01214	56960 62240 62240 71840
positive_01215	84560 90320 90320 96880
positive_01216	52880 58480 58480 66960
positive_01217	36160 41440 41440 47680
positive_01218	11760 16720 16720 25840
positive_01219	7280 12720 12720 20720
positive_01220	10800 16560 16560 26640
positive_01221	12080 17680 17680 26960
positive_01222	6000 10960 10960 19280
positive_01223	3280 8080 8080 16240
positive_01224	73440 80640 80640 89120
positive_01225	60880 67760 67760 76240
positive_01226	45040 50960 50960 59760
positive_01227	55600 62320 62320 70640
positive_01228	55920 64880 64880 74480
positive_01229	87680 93600 93600 102080
positive_01230	45760 51680 51680 58720
positive_01231	28080 33520 33520 40880
positive_01232	13680 19280 19280 26160
positive_01233	21840 32720 34000 46000
positive_01234	56720 62000 62000 69200
positive_01235	36000 41440 41440 49120
positive_01236	18640 24400 24400 32720
positive_01237	18160 23920 23920 31440
positive_01238	42720 49600 49600 58720
positive_01239	11600 16560 16560 23440
positive_01240	20160 26080 26080 34560
positive_01241	7920 12720 12720 20880
positive_01242	14000 19120 19120 27120
positive_01243	12560 17680 17680 25840
positive_01244	12800 16960 16960 23200
positive_01245	37360 42960 42960 50160
positive_01246	13840 18800 18800 25680
positive_01247	38560 44000 44000 49280
positive_01248	51680 56000 56000 62080
positive_01249	12560 17040 17040 23600
positive_01250	11760 16080 16080 22640
positive_01251	18480 22480 22480 31120
positive_01252	8720 12880 12880 20400
positive_01253	9520 14000 14000 21840
positive_01254	19680 25120 25120 33120
positive_01255	52480 58080 58080 63680
positive_01256	28160 33920 33920 39520
positive_01257	10800 17200 17200 24400
positive_01258	14480 20240 20240 29520
positive_01259	17360 23920 23920 31600
positive_01260	21840 27600 27600 35600
positive_01261	23120 29680 29680 39280
positive_01262	17360 23920 23920 31760
positive_01263	16240 23280 23280 33840
positive_01264	37440 43200 43200 50880
positive_01265	27440 33200 33200 40560
positive_01266	17360 22960 22960 31600
positive_01267	44960 50720 51200 58560
positive_01268	9840 16400 16400 23600
positive_01269	9840 16080 16080 23120
positive_01270	6160 12720 12720 19760
positive_01271	7920 14000 14000 22320
positive_01272	5040 11600 11600 18960
positive_01273	8880 15440 15440 23920
positive_01274	65840 71440 71440 79760
positive_01275	37120 44000 44000 52320
positive_01276	27200 32800 32800 42240
positive_01277	18320 23920 23920 34480
positive_01278	13040 18320 18320 26960
positive_01279	21200 26480 26480 37360
positive_01280	14320 19120 19120 26800
positive_01281	11440 16400 16400 24720
positive_01282	14000 18480 18480 25680
positive_01283	9040 15440 15440 22960
positive_01284	35920 41040 41040 46640
positive_01285	25840 30160 30160 36080
positive_01286	7760 12560 12560 18800
positive_01287	10800 16080 16080 23760
positive_01288	15120 19600 19600 26160
positive_01289	8240 13200 13200 20240
positive_01290	7600 12080 12080 18320
positive_01291	8400 13360 13360 18960
positive_01292	7760 11440 11440 17040
positive_01293	8240 13040 13040 18800
positive_01294	15280 22160 22160 30480
positive_01295	44560 51760 52240 60880
positive_01296	37520 44240 44240 51600
positive_01297	29600 36960 36960 44480
positive_01298	69840 77360 77840 85840
positive_01299	53280 60640 61120 69280
positive_01300	32240 38000 38000 44880
positive_01301	10800 17360 17360 24720
positive_01302	4880 11600 11600 18640
positive_01303	14640 19760 19760 25040
positive_01304	38320 43440 43440 54800
positive_01305	56400 62320 62320 72720
positive_01306	47120 52720 52720 62160
positive_01307	44320 49760 49760 57760
positive_01308	32000 40000 44480 51520
positive_01309	33440 38080 38080 42880
positive_01310	52720 57360 57360 62160
positive_01311	44800 49120 49120 54560
positive_01312	46400 52000 52000 57760
positive_01313	7920 14320 14800 22640
positive_01314	43440 47920 47920 54000
positive_01315	23120 27760 27760 34160
positive_01316	45120 49920 49920 55200
positive_01317	45280 49920 49920 56640
positive_01318	5200 9040 9040 15760
positive_01319	7440 12240 12240 19280
positive_01320	10800 15120 15120 21520
positive_01321	14640 18640 18640 25040
positive_01322	13680 17840 17840 24080
positive_01323	10320 13840 13840 21360
positive_01324	36000 43040 43040 52160
positive_01325	66720 74400 76160 83680
positive_01326	51440 59120 61040 68720
positive_01327	56240 62800 64720 70480
positive_01328	47440 53520 54000 61840
positive_01329	46480 53680 55120 62800
positive_01330	12240 18320 19760 27440
positive_01331	11440 18480 18960 26320
positive_01332	11280 17840 17840 25840
positive_01333	8880 17520 18000 25680
positive_01334	28320 34400 34400 42240
positive_01335	28880 34640 34640 42960
positive_01336	35440 41200 41200 49360
positive_01337	41280 46400 46400 54240
positive_01338	62240 67360 67360 74880
positive_01339	16240 21200 21200 29360
positive_01340	31280 36240 36240 43760
positive_01341	14160 18960 18960 25360
positive_01342	11120 14800 14800 19920
positive_01343	12400 16400 16400 21200
positive_01344	32480 38400 38400 47360
positive_01345	12080 17360 17360 26800
positive_01346	14000 19600 19600 29360
positive_01347	18160 23440 23440 32240
positive_01348	17200 23600 23600 33040
positive_01349	15280 21040 21040 30640
positive_01350	15280 21040 21520 30960
positive_01351	12080 17360 17360 26480
positive_01352	9520 14800 14800 23440
positive_01353	13520 19120 19120 27920
positive_01354	26720 29760 38400 48800
positive_01355	14400 20480 20480 30560
positive_01356	31760 36240 36240 45200
positive_01357	9520 14960 14960 25360
positive_01358	9680 14640 14640 24880
positive_01359	7760 12080 12080 22000
positive_01360	6320 10960 10960 21520
positive_01361	5520 16080 16080 29360
positive_01362	4240 8080 8080 17360
positive_01363	7760 12880 12880 22320
positive_01364	38000 45840 47120 55280
positive_01365	18000 25520 25520 35440
positive_01366	11600 17200 18480 28240
positive_01367	10320 17360 17360 28400
positive_01368	9840 16240 16240 25840
positive_01369	14800 20880 21520 31600
positive_01370	10960 17520 17520 27920
positive_01371	9200 16080 16080 26000
positive_01372	10320 17040 17520 28080
positive_01373	10000 16240 16240 25360
positive_01374	39440 45200 45200 53360
positive_01375	32240 37680 37680 45040
positive_01376	39360 45120 45120 53280
positive_01377	39680 45760 45760 54240
positive_01378	13680 19600 19600 27280
positive_01379	14480 20240 20240 28720
positive_01380	7760 13200 13200 21520
positive_01381	13680 18960 18960 27280
positive_01382	12560 19440 19440 28080
positive_01383	10960 16880 16880 25360
positive_01384	24720 28720 28720 32880
positive_01385	46080 50080 50080 54880
positive_01386	28080 33200 33200 39120
positive_01387	43360 48480 48480 54080
positive_01388	21120 26720 26720 30880
positive_01389	32960 38080 38080 42880
positive_01390	30880 36000 36000 40160
positive_01391	8560 12880 12880 17520
positive_01392	7120 12240 12240 17040
positive_01393	5360 8880 8880 14480
positive_01394	25200 30160 30160 39280
positive_01395	29840 34000 34000 42000
positive_01396	44960 49760 49760 57280
positive_01397	13280 17760 17760 25600
positive_01398	36720 41200 41200 49840
positive_01399	12880 17040 17040 25040
positive_01400	14480 19280 19280 27920
positive_01401	9680 14480 14480 22640
positive_01402	7280 12560 12560 21840
positive_01403	10960 15440 15440 23120
positive_01404	32640 40160 40160 48960
positive_01405	45840 50960 50960 59120
positive_01406	39040 48320 48800 58080
positive_01407	39840 44640 44640 52640
positive_01408	62000 66960 66960 73360
positive_01409	19760 24720 24720 33200
positive_01410	16880 22160 22160 31600
positive_01411	20560 25520 25520 33840
positive_01412	18160 23120 23120 30480
positive_01413	12880 21200 21200 30320
positive_01414	36000 41120 41120 48640
positive_01415	41120 47040 47040 52480
positive_01416	16320 23040 23040 31680
positive_01417	35440 40080 40080 46160
positive_01418	14800 20240 20240 24720
positive_01419	18000 23440 23440 30480
positive_01420	19440 24880 24880 32400
positive_01421	2960 8880 9360 17040
positive_01422	1520 5200 6480 13040
positive_01423	7920 13840 13840 22000
positive_01424	12320 17920 17920 25920
positive_01425	15760 20240 20240 27440
positive_01426	30720 34880 34880 41920
positive_01427	46080 50400 50400 54560
positive_01428	34320 38000 38000 42800
positive_01429	5360 8560 8560 12240
positive_01430	7120 10640 10640 14800
positive_01431	10960 14160 14160 18480
positive_01432	7600 10800 10800 17040
positive_01433	3440 11280 11760 21200
positive_01434	40000 45280 45280 54080
positive_01435	44000 49280 49280 57440
positive_01436	48160 53760 53760 61120
positive_01437	42800 48720 48720 56880
positive_01438	31760 36880 36880 45040
positive_01439	36560 42800 42800 50640
positive_01440	38960 44240 44240 52720
positive_01441	23040 28000 28000 37120
positive_01442	12720 17040 17040 23760
positive_01443	14480 18960 18960 26640
positive_01444	38240 44320 45440 52640
positive_01445	26400 33760 34240 42080
positive_01446	18960 26480 26960 34960
positive_01447	49600 54880 55840 61600
positive_01448	28480 34880 35680 43200
positive_01449	11360 18080 18080 25760
positive_01450	18400 25280 25760 31680
positive_01451	42640 48400 48400 54640
positive_01452	43760 50480 50480 58320
positive_01453	17440 25280 25920 32800
positive_01454	27200 36640 36640 44960
positive_01455	35360 42880 42880 52160
positive_01456	43280 51600 51600 60400
positive_01457	44160 52960 52960 63040
positive_01458	59120 68080 68080 79440
positive_01459	21680 30000 30000 40080
positive_01460	10800 19280 19280 29200
positive_01461	11920 20720 20720 31920
positive_01462	13200 22160 22160 31600
positive_01463	9840 20240 20240 30800
positive_01464	50400 58400 58880 68480
positive_01465	32560 39280 39760 49200
positive_01466	41120 47520 48640 57760
positive_01467	51280 57360 57360 66640
positive_01468	61600 68640 68640 79040
positive_01469	14400 22080 22080 31360
positive_01470	12080 18960 18960 28240
positive_01471	8400 17360 18320 29040
positive_01472	10160 15920 15920 25200
positive_01473	8400 15920 15920 25520
positive_01474	52720 59920 59920 69040
positive_01475	51280 57360 57840 66800
positive_01476	55280 62000 62480 70640
positive_01477	51760 58960 58960 67760
positive_01478	41440 48000 48000 56320
positive_01479	59200 66560 67200 76640
positive_01480	22320 30800 32080 41360
positive_01481	9040 15440 16720 24080
positive_01482	8240 14640 15120 24400
positive_01483	8240 14640 16080 24560
positive_01484	37920 43360 43360 51840
positive_01485	46880 52000 52000 60640
positive_01486	41120 48160 48160 60960
positive_01487	7120 13840 17680 29200
positive_01488	14480 19440 19440 29040
positive_01489	12560 17840 17840 27600
positive_01490	10000 14960 14960 25200
positive_01491	8240 18320 18320 37680
positive_01492	8720 15760 15760 25680
positive_01493	15600 23120 23120 35760
positive_01494	30400 37920 37920 52000
positive_01495	28960 37920 37920 50560
positive_01496	68000 74560 74560 85920
positive_01497	78800 86960 86960 95440
positive_01498	63120 71760 71760 81520
positive_01499	1200 5040 5040 14640
positive_01500	8880 15760 15760 24880
positive_01501	4880 11920 11920 20880
positive_01502	6160 12240 12240 20880
positive_01503	7600 14160 14160 22160
positive_01504	24080 33200 33680 46960
positive_01505	23040 29760 29760 40800
positive_01506	48080 55120 55120 65840
positive_01507	44160 49920 49920 59200
positive_01508	40400 46000 46000 55280
positive_01509	11760 18640 18640 28240
positive_01510	12880 18960 18960 27760
positive_01511	13360 19280 19760 28720
positive_01512	10800 18000 18640 28080
positive_01513	8240 14000 14480 24080
positive_01514	31920 37840 37840 45680
positive_01515	54080 59200 59200 65920
positive_01516	47760 53360 53360 62960
positive_01517	39360 44480 44480 53280
positive_01518	29280 34720 34720 44000
positive_01519	9840 16400 16400 25040
positive_01520	9680 15760 15760 23280
positive_01521	9040 14960 14960 22800
positive_01522	11440 17520 17520 25360
positive_01523	11600 17040 17040 24880
positive_01524	63360 69760 70240 77280
positive_01525	41120 48160 48160 57120
positive_01526	9520 17680 17680 26160
positive_01527	8400 17040 17040 26960
positive_01528	11600 19440 19440 29200
positive_01529	13360 21040 21040 30480
positive_01530	10960 19120 19120 28560
positive_01531	7760 15280 15280 25040
positive_01532	4560 11760 11760 20400
positive_01533	7760 14640 14640 22960
positive_01534	40800 44960 44960 53120
positive_01535	45360 49680 49680 57840
positive_01536	32880 37360 37360 44720
positive_01537	11920 16720 16720 26160
positive_01538	11760 16080 16080 24880
positive_01539	18640 24080 24080 30160
positive_01540	30320 35120 35120 44080
positive_01541	13680 19120 19120 25840
positive_01542	14480 20400 20400 30160
positive_01543	19920 25360 25360 33520
positive_01544	63920 70960 70960 82000
positive_01545	41520 48240 48240 58320
positive_01546	56160 62560 62560 72640
positive_01547	29600 36320 36320 45600
positive_01548	13360 19920 19920 29840
positive_01549	8560 15440 15440 25040
positive_01550	15600 22640 22640 32240
positive_01551	11280 17520 17520 26640
positive_01552	7280 14320 14320 23440
positive_01553	9840 16560 16560 26320
positive_01554	13120 17760 17760 25280
positive_01555	39120 46480 49840 59280
positive_01556	31920 38480 38480 49040
positive_01557	47440 53040 53040 62800
positive_01558	19760 26160 26160 37360
positive_01559	12720 19280 19280 30000
positive_01560	13360 19440 19440 29360
positive_01561	11120 17040 17040 27440
positive_01562	17040 22960 22960 33200
positive_01563	19600 25040 25040 35920
positive_01564	49600 55680 55680 67040
positive_01565	27200 33120 33120 44320
positive_01566	44480 50720 50720 58560
positive_01567	44080 50640 50640 61680
positive_01568	33200 39760 39760 49680
positive_01569	33040 39440 39440 50160
positive_01570	13840 22480 22960 34320
positive_01571	10960 19440 19440 30000
positive_01572	15280 23600 24080 34160
positive_01573	25520 33040 33040 43600
positive_01574	37600 46080 46560 55840
positive_01575	56560 64880 64880 74640
positive_01576	53200 60560 60560 69360
positive_01577	16400 23760 23760 31440
positive_01578	5200 11600 11600 17840
positive_01579	17680 22160 22160 33840
positive_01580	10640 18160 18160 26800
positive_01581	9040 15920 15920 23280
positive_01582	8880 18960 18960 29360
positive_01583	7120 16560 19280 31280
positive_01584	39120 48080 48720 58960
positive_01585	29920 38080 38720 47040
positive_01586	44480 55040 55520 64800
positive_01587	39680 49920 50560 59520
positive_01588	60960 70400 71040 78080
positive_01589	21520 30000 30800 40400
positive_01590	60720 71920 72400 79280
positive_01591	6480 15280 15920 25520
positive_01592	8720 17360 17360 25360
positive_01593	6320 12880 14320 22480
positive_01594	24560 32720 32720 42800
positive_01595	51360 58400 58400 68320
positive_01596	26320 32240 32240 40720
positive_01597	57360 64880 64880 73200
positive_01598	42880 50080 50080 56160
positive_01599	18240 25280 25280 32640
positive_01600	55120 61040 61040 68240
positive_01601	10480 16400 16400 25840
positive_01602	9680 17200 17200 25200
positive_01603	15600 23280 23280 33040
positive_01604	26320 30960 30960 38000
positive_01605	44240 50000 50000 57200
positive_01606	14320 20880 20880 29200
positive_01607	20240 27120 27120 36080
positive_01608	10800 18160 18160 26640
positive_01609	12080 19120 19600 27280
positive_01610	14800 22000 23440 31280
positive_01611	14320 22000 22000 29840
positive_01612	11440 18000 18000 26480
positive_01613	14160 22160 22800 30320
positive_01614	30240 35680 35680 42720
positive_01615	29360 34960 34960 44080
positive_01616	56560 62960 62960 70800
positive_01617	30800 36880 36880 46320
positive_01618	52480 57760 57760 65760
positive_01619	22960 29040 29040 36080
positive_01620	11760 17040 17040 25360
positive_01621	8080 14160 14160 17520
positive_01622	8720 14960 14960 22640
positive_01623	6160 12240 12240 20080
positive_01624	43920 48720 48720 56560
positive_01625	42400 47840 47840 56320
positive_01626	39040 44000 44000 52960
positive_01627	49200 54640 54640 63760
positive_01628	41280 46560 46560 55360
positive_01629	37920 44160 44160 53280
positive_01630	12720 17520 17520 26320
positive_01631	10960 17520 17520 26160
positive_01632	6480 12240 12240 20720
positive_01633	13680 18800 18800 27120
positive_01634	17440 24640 25280 35520
positive_01635	64240 71600 72560 82960
positive_01636	32400 40240 40720 50800
positive_01637	41280 49120 49920 60960
positive_01638	45120 53600 54560 65120
positive_01639	72400 79760 80240 90800
positive_01640	33280 40800 48160 57120
positive_01641	7280 16080 18160 28720
positive_01642	7120 14960 15440 26480
positive_01643	10320 17520 18000 28240
positive_01644	56640 63520 63520 72480
positive_01645	17520 24080 24080 33040
positive_01646	38000 43440 43440 52400
positive_01647	47520 53600 53600 62720
positive_01648	22720 28000 28000 35360
positive_01649	12560 18160 18160 26640
positive_01650	10000 15440 15440 23440
positive_01651	10640 15760 15760 24720
positive_01652	15120 20560 20560 30800
positive_01653	9680 15440 15440 23600
positive_01654	20960 27200 27200 37120
positive_01655	57520 62320 62320 70480
positive_01656	67280 73200 73200 82000
positive_01657	17680 23600 23600 32240
positive_01658	12880 18480 18480 28080
positive_01659	11920 18000 18000 27120
positive_01660	11440 18320 18320 26800
positive_01661	11600 17680 17680 26800
positive_01662	11120 18160 18160 27760
positive_01663	13360 20080 20080 33840
positive_01664	80000 87200 87200 97600
positive_01665	51360 59360 59360 70400
positive_01666	46160 52080 52080 60880
positive_01667	64880 71280 71280 81040
positive_01668	16800 23200 23200 30560
positive_01669	1840 7120 7120 14000
positive_01670	7920 13840 13840 22800
positive_01671	6640 13520 13520 22000
positive_01672	5040 11280 11280 20400
positive_01673	7600 13680 13680 22000
positive_01674	57520 62960 62960 70640
positive_01675	39120 44880 44880 51600
positive_01676	9680 15440 15440 23600
positive_01677	9040 14640 14640 22640
positive_01678	9040 15120 15120 22160
positive_01679	7120 12880 12880 20400
positive_01680	11280 18000 18000 26320
positive_01681	12720 18320 18320 25840
positive_01682	12560 19120 19120 26480
positive_01683	20560 26640 26640 34320
positive_01684	39520 44000 44000 50880
positive_01685	33440 38880 38880 46080
positive_01686	39760 45680 45680 52080
positive_01687	40800 45600 45600 53120
positive_01688	24800 30240 30240 36800
positive_01689	18800 23600 23600 30160
positive_01690	43360 47520 47520 51680
positive_01691	8240 12720 12720 20080
positive_01692	11120 15760 15760 23280
positive_01693	6000 10480 10480 18000
positive_01694	63440 68560 69520 78160
positive_01695	24080 29680 30160 39760
positive_01696	71760 78640 79280 94640
positive_01697	31440 35280 35280 41200
positive_01698	4240 8560 8560 16240
positive_01699	7920 11920 11920 19120
positive_01700	5360 9360 9360 16720
positive_01701	5840 11120 11120 19440
positive_01702	5040 9360 9360 17840
positive_01703	12240 14960 16880 24720
positive_01704	28800 34560 34560 42400
positive_01705	36320 42240 42240 49600
positive_01706	44560 50640 50640 56400
positive_01707	14560 19680 19680 23040
positive_01708	10320 15920 15920 23280
positive_01709	12720 18320 18320 26320
positive_01710	10160 15920 15920 24080
positive_01711	11760 17040 17040 25200
positive_01712	12400 17840 17840 25200
positive_01713	11760 16880 16880 24880
positive_01714	33520 38480 38480 46480
positive_01715	57440 62880 62880 70880
positive_01716	38320 44880 44880 52560
positive_01717	42240 47360 47360 55200
positive_01718	61760 66560 66560 73280
positive_01719	10640 15760 15760 25680
positive_01720	9520 14160 14160 20240
positive_01721	12560 17040 17040 24880
positive_01722	11120 16080 16080 24240
positive_01723	9680 18000 23280 32880
positive_01724	34080 41280 44480 52480
positive_01725	56880 63760 63760 72240
positive_01726	54000 58800 58800 64240
positive_01727	49680 54960 54960 62640
positive_01728	24240 31920 31920 39920
positive_01729	58160 63760 63760 70960
positive_01730	4880 12560 12560 23600
positive_01731	240 5680 5680 15760
positive_01732	5200 12080 12080 22320
positive_01733	240 4240 4240 15760
positive_01734	75520 82560 85440 93440
positive_01735	36160 43040 44160 51520
positive_01736	22960 29200 29200 36880
positive_01737	39280 45040 45040 52720
positive_01738	45840 52880 52880 60080
positive_01739	52240 65840 68240 75440
positive_01740	7120 14640 16400 23760
positive_01741	19120 24720 24720 32240
positive_01742	11920 17200 17200 25200
positive_01743	15920 22160 22160 28240
positive_01744	23120 29040 29040 38160
positive_01745	50880 55360 55360 63200
positive_01746	59280 65360 65360 74800
positive_01747	44240 49520 49520 56560
positive_01748	41360 46640 46640 54160
positive_01749	37600 42880 42880 50880
positive_01750	13520 19440 19440 26000
positive_01751	10160 15280 15280 23440
positive_01752	13840 19760 19760 27280
positive_01753	13680 18800 18800 26640
positive_01754	56000 62560 71840 78720
positive_01755	37520 41520 41520 47440
positive_01756	39360 44000 44000 49760
positive_01757	8240 12720 12720 18480
positive_01758	9040 13200 13200 18000
positive_01759	2480 7760 7760 14800
positive_01760	9840 14320 14320 19440
positive_01761	6160 10000 10000 14800
positive_01762	5200 9520 9520 14960
positive_01763	5200 9680 9680 17680
positive_01764	43200 48480 48480 55840
positive_01765	32720 38000 38000 44720
positive_01766	50880 56160 56160 63840
positive_01767	20560 27280 27280 35600
positive_01768	15440 20880 20880 28240
positive_01769	16240 21840 21840 29360
positive_01770	16400 22160 22160 29520
positive_01771	9360 16240 16240 24400
positive_01772	7600 13040 13040 20400
positive_01773	12080 17360 17360 23600
positive_01774	66640 71600 71600 78320
positive_01775	17120 22080 22080 28960
positive_01776	47520 52960 52960 60160
positive_01777	37760 42880 42880 50080
positive_01778	15760 22160 22160 30160
positive_01779	14320 20400 20400 27760
positive_01780	15280 23760 26160 34480
positive_01781	10160 17200 17680 25200
positive_01782	15280 22000 22000 29840
positive_01783	12720 19280 19280 26480
positive_01784	21840 26480 26480 32880
positive_01785	47680 52160 52160 59360
positive_01786	14640 19120 19120 26640
positive_01787	13040 17200 17200 24560
positive_01788	23120 27280 27280 34960
positive_01789	14640 18480 18480 25520
positive_01790	14160 18000 18000 25040
positive_01791	19440 24080 24080 31440
positive_01792	19120 23760 23760 30640
positive_01793	12400 16720 16720 23760
positive_01794	44320 49600 49600 56480
positive_01795	26000 30800 30800 37360
positive_01796	60240 64240 64240 69520
positive_01797	42320 46480 46480 51920
positive_01798	66720 71360 71360 76320
positive_01799	33040 37840 37840 45200
positive_01800	9040 13840 13840 20400
positive_01801	8560 13680 13680 20080
positive_01802	14160 18000 18000 24560
positive_01803	11280 15760 15760 21840
positive_01804	26160 31920 31920 43280
positive_01805	32800 38400 38400 48160
positive_01806	20480 26240 26240 34560
positive_01807	12240 16400 16400 24240
positive_01808	23680 28160 28160 35200
positive_01809	62160 67440 67440 74000
positive_01810	51760 57520 57520 66160
positive_01811	45840 51600 51600 58000
positive_01812	40240 45360 45360 51120
positive_01813	46320 51440 51440 58800
positive_01814	56560 62640 62640 70320
positive_01815	62160 68400 68400 76560
positive_01816	20000 26080 26080 33760
positive_01817	49520 55760 55760 63920
positive_01818	6160 14480 14480 21040
positive_01819	10320 16400 16400 22800
positive_01820	11440 17200 17200 24560
positive_01821	3440 9840 9840 18160
positive_01822	4400 10800 10800 17200
positive_01823	2320 9360 9360 16560
positive_01824	70880 77440 77440 84480
positive_01825	68400 74320 74320 82320
positive_01826	49120 56640 56640 63840
positive_01827	49360 56080 56080 65040
positive_01828	103440 111920 111920 118800
positive_01829	37600 42720 42720 49600
positive_01830	11280 16400 16400 22960
positive_01831	20720 26640 26640 34960
positive_01832	6320 14320 14320 22800
positive_01833	12400 19280 19280 27920
positive_01834	77360 84400 84880 94000
positive_01835	21680 28240 28240 37680
positive_01836	33760 40480 40960 50560
positive_01837	42240 48160 48640 55200
positive_01838	52720 58160 58160 66960
positive_01839	46080 52480 52960 62240
positive_01840	21040 25840 25840 34800
positive_01841	9680 13840 13840 21520
positive_01842	13200 17040 17040 24880
positive_01843	10640 14160 14160 21680
positive_01844	36240 43120 43120 51120
positive_01845	41120 46880 46880 52800
positive_01846	46000 52560 52560 59120
positive_01847	41680 46800 46800 52720
positive_01848	38240 43840 43840 51360
positive_01849	880 5040 5040 10800
positive_01850	12080 16880 16880 22480
positive_01851	11120 15440 15440 21520
positive_01852	17040 22160 22160 28560
positive_01853	6960 11760 11760 19440
positive_01854	39680 46240 46240 53760
positive_01855	48400 54800 54800 62160
positive_01856	20720 27120 27120 34320
positive_01857	34560 41280 41280 48480
positive_01858	10960 18320 18320 26320
positive_01859	11280 18480 18480 25360
positive_01860	13680 19280 19280 26160
positive_01861	10480 18160 18160 24880
positive_01862	10160 17520 17520 24560
positive_01863	11760 18800 18800 25840
positive_01864	86560 93440 93440 101120
positive_01865	36960 42720 42720 50080
positive_01866	15280 20400 20400 25040
positive_01867	44960 49920 49920 55360
positive_01868	23520 28800 28800 35520
positive_01869	30240 35200 35200 40160
positive_01870	5040 11920 11920 20400
positive_01871	12560 19440 19440 27440
positive_01872	6320 12880 12880 20720
positive_01873	9360 14800 14800 22320
positive_01874	71840 82880 82880 92320
positive_01875	63520 71200 71200 81760
positive_01876	49920 60160 60160 72960
positive_01877	61680 69360 69360 79920
positive_01878	8080 22800 22800 34960
positive_01879	9200 18320 18320 29040
positive_01880	4560 10320 10320 18480
positive_01881	4720 16880 16880 31440
positive_01882	21840 28720 28720 38000
positive_01883	6800 12400 12400 22000
positive_01884	37680 43920 43920 53520
positive_01885	37120 41280 41280 48960
positive_01886	24400 29520 29520 36560
positive_01887	50800 55440 55440 63600
positive_01888	28640 32320 32320 39200
positive_01889	14320 20240 20240 28880
positive_01890	13040 18320 18320 26320
positive_01891	13360 19440 19440 27440
positive_01892	14640 20560 20560 29040
positive_01893	11120 16080 16080 24240
positive_01894	41120 47520 47520 58240
positive_01895	46240 51680 51680 60320
positive_01896	43360 50400 50400 61920
positive_01897	54480 62000 62000 72080
positive_01898	16240 25200 25200 32720
positive_01899	7760 13840 13840 23280
positive_01900	9040 15760 15760 24560
positive_01901	10160 17200 17200 26960
positive_01902	10640 17520 17520 26800
positive_01903	7600 13680 13680 22480
positive_01904	22640 29200 29200 37840
positive_01905	23360 30080 30080 39040
positive_01906	38960 45520 45520 52720
positive_01907	34320 40880 40880 49840
positive_01908	64720 71120 71120 79280
positive_01909	13360 19600 19600 26800
positive_01910	15760 21680 21680 29680
positive_01911	14480 20880 20880 28240
positive_01912	13520 20080 20080 27920
positive_01913	11920 18160 18160 26480
positive_01914	23280 28560 28560 36080
positive_01915	29680 34160 34160 40560
positive_01916	46880 51520 51520 59680
positive_01917	13520 19120 19120 27920
positive_01918	10000 15120 15120 24400
positive_01919	22960 28240 28240 36720
positive_01920	10000 16080 16080 24720
positive_01921	14640 19920 19920 28720
positive_01922	13840 19760 19760 28080
positive_01923	13200 18800 18800 28400
positive_01924	69440 74560 74560 81120
positive_01925	33120 38080 38080 44000
positive_01926	29440 34240 34240 40800
positive_01927	53120 57600 57600 64320
positive_01928	71040 76480 76480 80800
positive_01929	13520 18480 18480 24720
positive_01930	15280 20560 20560 27760
positive_01931	16880 22000 22000 29040
positive_01932	14160 19120 19120 26640
positive_01933	10160 15280 15280 22480
positive_01934	71520 82720 83200 94400
positive_01935	46640 54800 56400 66800
positive_01936	52720 61040 61680 72400
positive_01937	64800 73120 74240 84800
positive_01938	65200 73200 74480 84720
positive_01939	9200 18480 19120 30320
positive_01940	10800 18320 18800 28240
positive_01941	9360 17680 18160 28400
positive_01942	8080 15280 15280 25680
positive_01943	9680 17520 19760 29680
positive_01944	24480 31040 31040 40800
positive_01945	51040 57440 57440 65920
positive_01946	47680 55680 55680 67040
positive_01947	37920 43680 43680 53440
positive_01948	46640 52880 52880 62000
positive_01949	14960 22160 22160 31440
positive_01950	10800 17200 17200 26160
positive_01951	15760 23120 23120 32240
positive_01952	11600 18000 18000 26320
positive_01953	18480 26640 26640 34960
positive_01954	45600 54560 54560 67520
positive_01955	23200 28960 28960 38720
positive_01956	16480 22880 22880 31360
positive_01957	32720 38160 38160 46800
positive_01958	23680 27840 27840 35200
positive_01959	63360 69600 69600 78240
positive_01960	14800 19760 19760 28240
positive_01961	12080 17360 17360 25680
positive_01962	19440 24880 24880 33520
positive_01963	20240 25680 25680 32720
positive_01964	47440 55760 55760 62000
positive_01965	30960 35760 35760 41840
positive_01966	34080 38240 38240 45280
positive_01967	43360 51200 56480 62880
positive_01968	44720 49520 49520 56560
positive_01969	29200 33200 33200 40560
positive_01970	23920 29360 29360 37680
positive_01971	21360 25680 25680 33840
positive_01972	10640 14640 14640 22800
positive_01973	19280 23920 23920 32080
positive_01974	54880 60480 60480 68000
positive_01975	36960 42720 42720 50880
positive_01976	42960 47600 47600 55280
positive_01977	13600 18880 18880 26400
positive_01978	40480 46400 46400 53760
positive_01979	47680 52480 52480 59840
positive_01980	14800 20400 20400 28560
positive_01981	8720 13680 13680 21680
positive_01982	12560 17680 17680 26160
positive_01983	8720 13840 13840 21520
positive_01984	45760 51360 51360 60480
positive_01985	35440 41520 41520 52400
positive_01986	46960 52720 52720 59760
positive_01987	15280 21520 21520 29360
positive_01988	6480 13040 13040 21200
positive_01989	7760 13360 13360 22320
positive_01990	2960 8240 8240 17840
positive_01991	8560 14640 14640 22960
positive_01992	4880 11120 11120 19600
positive_01993	7760 14960 14960 25040
positive_01994	48800 53920 53920 63040
positive_01995	44320 48480 48480 55040
positive_01996	42560 47360 47360 56320
positive_01997	34080 37920 37920 44640
positive_01998	25520 30480 30480 37360
positive_01999	56480 61280 61280 67200
positive_02000	20880 28560 34160 46640
positive_02001	12080 16880 16880 27440
positive_02002	15120 19440 19440 28720
positive_02003	17680 22000 22000 32560
positive_02004	17040 20560 20560 27760
positive_02005	43200 48000 48000 54240
positive_02006	20720 25520 25520 32400
positive_02007	38000 41520 41520 47440
positive_02008	31600 36080 36080 42960
positive_02009	71040 75040 75040 80480
positive_02010	10000 12720 12720 18960
positive_02011	5520 8880 8880 15760
positive_02012	7600 10640 10640 16560
positive_02013	1360 3280 3280 9200
positive_02014	25520 32560 32560 42480
positive_02015	71200 77760 77760 87680
positive_02016	27280 34800 34800 44560
positive_02017	41280 48480 48480 59520
positive_02018	51200 59200 59200 69760
positive_02019	65840 73520 73520 84720
positive_02020	8560 16080 16080 26160
positive_02021	9520 16720 16720 27760
positive_02022	9520 17360 17360 28720
positive_02023	6160 13680 13680 23760
positive_02024	54800 60880 60880 67600
positive_02025	46000 51600 51600 60080
positive_02026	54560 61600 61600 69600
positive_02027	56240 62800 62800 70640
positive_02028	37760 43840 43840 52160
positive_02029	26080 33440 33440 41920
positive_02030	16400 24720 26800 36080
positive_02031	16400 29840 34960 45520
positive_02032	17360 25040 26640 34800
positive_02033	18640 30480 31920 42800
positive_02034	23840 32480 32480 42240
positive_02035	66800 75760 75760 86640
positive_02036	31440 41200 41680 51920
positive_02037	64240 73040 73040 82000
positive_02038	9200 17200 17200 26160
positive_02039	13840 22640 22640 32080
positive_02040	12560 20880 20880 31280
positive_02041	6960 15440 15440 26000
positive_02042	4240 16720 16720 30320
positive_02043	12880 20720 20720 29040
positive_02044	59760 64880 64880 74960
positive_02045	29840 36240 36240 48560
positive_02046	45680 50800 50800 59280
positive_02047	56160 61600 61600 69920
positive_02048	13680 18160 18160 26000
positive_02049	15600 20560 20560 29360
positive_02050	21200 26480 26480 34480
positive_02051	20560 24720 24720 32560
positive_02052	16080 21200 21200 29840
positive_02053	14960 19120 19120 27600
positive_02054	70560 78560 78560 89760
positive_02055	23440 32400 32400 44240
positive_02056	48960 58720 58720 72320
positive_02057	32960 43360 43360 55520
positive_02058	81520 92560 92560 103440
positive_02059	57120 63200 63200 71520
positive_02060	53680 59120 59120 66960
positive_02061	49120 55840 55840 66240
positive_02062	43360 49280 49280 57440
positive_02063	34160 40400 40400 48080
positive_02064	42640 48400 48400 55600
positive_02065	18880 25120 25120 32480
positive_02066	5680 12080 12080 21520
positive_02067	6000 12720 12720 19760
positive_02068	5680 12560 12560 20240
positive_02069	44560 52080 52080 60560
positive_02070	31520 39520 39520 48960
positive_02071	24560 31920 31920 40880
positive_02072	48640 55040 55040 63360
positive_02073	47920 54800 54800 64080
positive_02074	14480 21840 21840 30480
positive_02075	5680 13200 13200 22960
positive_02076	10480 17200 17200 26480
positive_02077	12560 19280 19280 28240
positive_02078	12560 18960 18960 29360
positive_02079	65920 72000 72000 81760
positive_02080	22640 30000 30000 36880
positive_02081	52000 57760 57760 72160
positive_02082	45440 50400 50400 59040
positive_02083	67840 74880 74880 81760
positive_02084	26320 33520 33520 46960
positive_02085	20240 26320 26320 36080
positive_02086	17360 24080 24080 33040
positive_02087	17840 24400 24400 35280
positive_02088	13200 19280 19280 27760
positive_02089	56480 62720 62720 72000
positive_02090	28240 35120 35120 44720
positive_02091	53520 59280 59280 69040
positive_02092	48400 54000 54000 62480
positive_02093	15120 21200 21200 30960
positive_02094	10800 16080 16080 26160
positive_02095	12880 18000 18000 28560
positive_02096	12080 17520 17520 27280
positive_02097	13520 20080 20080 31600
positive_02098	16560 22960 22960 32720
positive_02099	79280 86000 86000 95280
positive_02100	38240 45920 45920 55200
positive_02101	34320 40400 40400 49680
positive_02102	67920 74160 74160 83600
positive_02103	55200 62080 62080 71520
positive_02104	61280 67840 67840 76160
positive_02105	59680 67520 67520 76640
positive_02106	11760 18000 18000 27120
positive_02107	11600 17840 17840 27120
positive_02108	15920 21840 21840 31120
positive_02109	60080 67440 68400 78480
positive_02110	43120 51760 51760 62480
positive_02111	49440 56800 56800 66080
positive_02112	78240 88000 88960 99520
positive_02113	11760 18000 18000 25840
positive_02114	11920 17520 17520 25520
positive_02115	13680 21840 21840 31440
positive_02116	10960 17040 17040 24400
positive_02117	11120 16880 16880 25360
positive_02118	8560 15120 15120 22160
positive_02119	74000 82320 82320 94960
positive_02120	47920 56880 56880 68560
positive_02121	44720 53360 53360 66640
positive_02122	55040 63840 63840 77280
positive_02123	62400 72320 72320 85600
positive_02124	57280 67040 68320 79680
positive_02125	63200 72800 72800 83680
positive_02126	16400 25360 25360 37840
positive_02127	12560 22160 22160 33680
positive_02128	15120 23280 23280 34800
positive_02129	52480 58560 58560 66400
positive_02130	28160 34080 34080 41280
positive_02131	36480 43200 43200 51840
positive_02132	44720 51440 51440 58480
positive_02133	10480 18640 18640 26800
positive_02134	5200 11280 11280 18320
positive_02135	9840 16720 16720 24560
positive_02136	3920 10480 10480 18320
positive_02137	5840 12560 12560 18320
positive_02138	720 7920 7920 14800
positive_02139	66960 74000 74000 81360
positive_02140	35520 44160 44160 53760
positive_02141	69680 78480 78960 88880
positive_02142	63200 70880 70880 80160
positive_02143	69440 78080 78080 86080
positive_02144	19280 28080 28080 37680
positive_02145	9840 18960 20080 29680
positive_02146	11120 18640 19280 29200
positive_02147	9520 18640 18640 28400
positive_02148	13680 22480 22480 33200
positive_02149	34960 43440 45680 56880
positive_02150	56480 64480 69120 81120
positive_02151	41440 48960 52000 62400
positive_02152	44160 51680 54560 64800
positive_02153	48960 56000 57600 66240
positive_02154	30960 38960 38960 46800
positive_02155	720 7920 7920 16880
positive_02156	3600 11280 11280 20560
positive_02157	1360 8880 8880 18320
positive_02158	8560 16560 16560 27120
positive_02159	71760 80080 87920 97680
positive_02160	62720 72640 76480 86560
positive_02161	31040 40480 42240 52160
positive_02162	12080 23760 24720 34960
positive_02163	5520 15760 16400 26800
positive_02164	6960 18480 21200 31600
positive_02165	4880 14640 15120 26000
positive_02166	8080 18960 24880 35440
positive_02167	10960 21840 25520 36400
positive_02168	6160 20400 21360 31440
positive_02169	10480 15760 15760 21520
positive_02170	9840 14640 14640 21520
positive_02171	14000 19280 19280 26800
positive_02172	12880 17840 17840 24080
positive_02173	12080 17360 17360 25200
positive_02174	13680 18480 18480 24400
positive_02175	13520 18640 18640 26800
positive_02176	9040 14640 14640 20880
positive_02177	12560 18320 18320 25520
positive_02178	13360 18320 18320 26800
positive_02179	29040 34000 34000 41200
positive_02180	21680 26800 26800 32560
positive_02181	51600 55760 55760 57840
positive_02182	44560 48400 48400 56240
positive_02183	34080 38080 38080 44320
positive_02184	35760 40720 40720 46320
positive_02185	33040 37360 37360 43760
positive_02186	15840 21280 21280 25600
positive_02187	33360 37840 37840 43280
positive_02188	31440 36080 36080 43600
positive_02189	12240 16560 16560 24400
positive_02190	9680 15280 15280 21360
positive_02191	10480 14480 14480 20560
positive_02192	33680 39120 39120 47280
positive_02193	41520 46960 46960 54640
positive_02194	46400 51520 51520 59360
positive_02195	28800 34560 34560 43040
positive_02196	9840 15600 15600 24400
positive_02197	13040 19120 19120 27280
positive_02198	14320 19600 19600 27760
positive_02199	11440 16560 16560 24880
positive_02200	12400 17680 17680 25840
positive_02201	9520 14960 14960 23120
